61,2
161,4
161,2
161,3
162,4
162,2
162,3
0,0
218,5
218,4
218,2
218,3
145,2
0,404
144,2
0,402
135,2
124,2
122,2
219,2
118,2
101,2
14,3
194,2
100,2
87,2
86,2
0,398
85,2
84,2
195,2
83,2
80,2
155,4
155,2
155,3
154,4
154,2
154,3
51,2
47,2
143,2
142,8
142,7
142,6
142,2
147,5
147,2
141,4
141,2
140,11
140,10
140,8
140,7
140,6
140,5
140,4
140,2
35,2
136,5
136,3
136,4
137,3
137,4
117,3
14,18
95,2
93,3
147,4
99,3
240,5
34,2
228,2
33,2
189,2
32,2
0,443
0,437
0,434
153,3
151,3
130,3
0,431
0,430
161,6
161,5
241,2
247,2
149,3
141,6
246,2
323,4
323,3
323,2
323,1
323,0
251,2
143,4
13,5
92,4
141,3
324,6
324,5
324,4
324,3
324,2
324,1
324,0
322,3
322,2
322,1
322,0
321,3
321,2
321,1
321,0
249,2
320,3
320,2
320,1
320,0
319,3
319,2
319,1
319,0
14,73
318,3
318,2
318,1
318,0
248,2
14,72
317,3
317,2
317,1
317,0
14,71
14,70
316,6
316,5
316,4
316,3
316,2
316,1
316,0
27,2
312,5
312,4
312,3
312,2
312,1
312,0
314,3
314,2
314,1
314,0
141,5
140,9
0,476
315,4
315,3
315,2
315,1
315,0
313,3
313,2
313,1
313,0
26,2
0,415
147,3
0,475
0,477
0,397
14,21
104,2
145,4
145,3
14,7
199,2
144,4
144,3
103,2
0,474
135,4
135,3
142,5
142,4
126,3
125,3
71,2
124,6
124,5
124,4
124,3
140,3
70,2
143,3
122,8
122,7
122,6
122,5
122,4
122,3
142,3
219,6
219,5
219,4
219,3
118,16
118,15
118,14
118,13
118,12
118,11
118,10
118,9
118,8
118,7
118,6
118,5
118,4
118,3
14,14
101,4
101,3
194,5
194,4
194,3
100,5
100,3
100,6
100,4
87,3
86,4
85,5
85,4
85,3
84,4
84,3
195,4
195,3
80,7
80,6
80,5
80,4
80,3
14,15
134,2
134,3
14,16
133,4
133,2
133,3
77,3
76,4
76,3
61,6
61,5
61,4
61,3
51,5
51,3
47,5
47,4
47,3
116,2
113,2
114,2
51,4
107,2
35,13
35,12
35,11
35,10
35,9
35,8
35,7
35,6
35,5
35,4
35,3
95,6
95,5
95,4
95,3
0,406
108,2
241,4
241,3
247,5
247,4
247,3
246,3
59,2
251,4
251,3
249,5
249,4
249,3
202,2
27,4
27,3
109,2
98,2
104,3
199,4
199,3
103,3
14,12
14,13
115,2
112,2
0,393
0,392
99,5
99,4
0,478
102,4
102,3
102,2
102,1
102,0
96,17
96,0
311,3
311,2
311,1
311,0
310,3
310,2
310,1
310,0
111,5
111,1
111,4
111,0
309,4
309,3
309,2
309,1
309,0
0,418
0,470
0,391
0,388
308,4
308,3
308,2
308,1
308,0
307,3
307,2
307,1
307,0
306,3
306,2
306,1
306,0
305,3
305,2
305,1
305,0
304,3
304,2
304,1
304,0
303,3
303,2
303,1
303,0
302,3
302,2
302,1
302,0
301,4
301,3
301,2
301,1
301,0
300,3
300,2
300,1
300,0
299,3
299,2
299,1
299,0
110,12
110,8
0,412
0,387
0,471
0,472
0,469
0,468
0,467
0,386
0,316
240,3
26,9
26,8
26,7
26,6
26,5
26,4
26,3
71,5
71,4
71,3
70,9
70,8
70,7
70,6
70,3
70,5
70,4
202,4
202,3
14,69
298,5
298,4
298,3
298,2
298,1
298,0
297,3
297,2
297,1
297,0
296,3
296,2
0,312
0,493
296,1
296,0
295,3
295,2
0,396
295,1
295,0
110,11
110,7
116,3
113,3
13,3
114,4
114,3
0,466
115,3
110,10
185,1
185,6
185,2
185,0
108,5
108,4
108,3
107,3
107,4
294,4
0,306
294,3
294,2
294,1
294,0
293,4
293,3
293,2
293,1
293,0
0,357
292,3
292,2
292,1
292,0
14,68
291,3
291,2
291,1
291,0
290,3
290,2
290,1
290,0
289,3
289,2
289,1
289,0
288,3
288,2
288,1
288,0
287,3
287,2
287,1
287,0
0,320
112,3
109,5
109,3
109,4
0,394
285,4
285,3
285,2
285,1
285,0
286,6
286,5
286,4
286,3
286,2
0,465
286,1
286,0
0,511
284,3
284,2
284,1
284,0
283,3
283,2
283,1
283,0
83,3
282,3
282,2
282,1
282,0
281,3
281,2
0,509
281,1
281,0
280,3
280,2
280,1
280,0
279,3
279,2
279,1
279,0
278,6
278,5
278,4
278,3
278,2
278,1
278,0
274,5
274,4
