0,556
0,318
0,509
331,36
0,484
331,35
11,11
11,12
11,8
11,10
11,2
11,3
9,7
9,4
9,1
9,6
9,2
9,3
8,12
8,6
8,17
8,11
8,1
8,16
8,2
8,3
12,2
12,1
12,3
20,2
20,1
20,3
329,0
99,11
99,1
19,3
19,2
19,1
14,29
14,16
14,15
13,5
11,28
11,27
11,26
11,25
11,24
11,23
11,22
11,21
11,20
11,19
11,1
10,303
10,302
10,301
10,300
10,299
10,298
10,297
10,296
10,295
10,294
10,293
10,292
10,291
10,290
10,289
10,288
10,287
10,286
10,285
10,284
10,283
10,282
10,281
10,280
10,279
10,278
10,277
10,276
10,275
10,274
10,273
10,272
10,271
10,270
10,269
10,268
10,267
10,266
10,265
10,264
10,263
10,262
10,261
18,1
10,260
18,3
10,259
10,258
10,257
10,256
10,255
10,254
10,253
14,1
10,252
14,4
10,251
14,3
10,250
13,1
10,249
10,248
13,4
10,247
13,3
10,246
10,245
10,244
10,243
10,242
10,241
10,240
10,239
10,238
10,237
10,236
10,235
10,234
10,233
10,232
10,231
10,230
10,229
10,228
10,227
10,226
10,225
10,224
10,223
10,222
10,221
10,220
10,219
10,218
10,217
10,216
10,215
10,214
10,213
10,212
10,211
10,210
10,209
10,208
10,207
10,206
10,205
10,204
10,203
10,202
10,201
10,200
10,199
2,2
10,198
2,1
10,1
2,3
10,197
0,0
331,34
331,33
331,32
331,31
331,30
331,29
331,28
331,27
331,26
331,25
331,24
331,23
331,22
331,21
331,20
331,19
331,18
331,17
331,16
331,15
331,14
331,13
331,12
331,11
331,10
331,9
331,8
331,7
331,6
331,5
331,4
331,3
331,2
331,0
0,491
0,489
0,483
0,469
0,574
0,573
0,276
0,393
0,388
0,275
0,272
0,271
0,461
0,12
0,392
0,10
0,467
0,8
0,478
0,457
0,268
0,549
0,456
0,267
0,559
0,455
0,266
0,304
0,454
0,265
0,314
0,453
0,264
0,475
0,452
0,263
0,470
0,451
0,262
0,473
0,450
0,261
0,283
0,449
0,260
0,570
0,448
0,259
0,543
